1
4
32
16
8
1
8
1.000000 1.000000
8
8
0.300000 1 
0.200000 2 
0.160000 3 
0.120000 4 
0.080000 5 
0.040000 6 
0.030000 7 
0.020000 8 
2
6
1.990000 1.990000
8
8
1.900000 1 
1.750000 2 
1.740000 3 
1.730000 4 
1.720000 5 
1.710000 6 
1.700000 7 
1.690000 8 
3
7
1.000000 1.000000
8
8
0.250000 1 
0.200000 2 
0.160000 3 
0.120000 4 
0.110000 5 
0.100000 6 
0.090000 7 
0.080000 8 
4
5
1.990000 1.990000
8
8
1.850000 1 
1.590000 2 
1.580000 3 
1.570000 4 
1.560000 5 
1.550000 6 
1.540000 7 
1.530000 8 
5
4
100.000000 100.000000
8
8
30.000000 1 
20.000000 2 
16.000000 3 
12.000000 4 
11.000000 5 
10.000000 6 
9.000000 7 
8.000000 8 
6
2
199.000000 199.000000
8
8
190.000000 1 
175.000000 2 
174.000000 3 
173.000000 4 
172.000000 5 
171.000000 6 
170.000000 7 
169.000000 8 
7
3
100.000000 100.000000
8
8
30.000000 1 
20.000000 2 
16.000000 3 
12.000000 4 
11.000000 5 
10.000000 6 
9.000000 7 
8.000000 8 
8
1
199.000000 199.000000
8
8
185.000000 1 
159.000000 2 
158.000000 3 
157.000000 4 
156.000000 5 
155.000000 6 
154.000000 7 
153.000000 8 
